(122, 5, 0)
(122, 5, 1)
(148, 4, 2)
(148, 4, 7)
(174, 3, 10)
(174, 3, 15)
(200, 2, 18)
(200, 2, 23)
(221, 4, 3)
(221, 4, 6)
(221, 4, 8)
(222, 4, 4)
(222, 4, 9)
(223, 3, 34)
(223, 3, 39)
(223, 3, 43)
(223, 4, 5)
(225, 2, 55)
(225, 2, 58)
(225, 2, 64)
(225, 3, 46)
(225, 3, 51)
(226, 1, 26)
(226, 1, 31)
(227, 1, 70)
(227, 1, 75)
(227, 1, 79)
(227, 3, 66)
(228, 2, 84)
(228, 2, 89)
(229, 0, 99)
++++++++++++++++++++++++++++++++++++++++++++++++++++++++++++++++++++++++++++++++++++++++++++++++++++++++++++++++++++++++++.>+++++++++++++++++++++++++++++++++++++++++++++++++++++++++++++++++++++++++++++++++++++++++++++++++.<.>.<.>.

azqhyrbgpcxiayphypagpayihgcbaxzygbryhqzahpyaixcpku